7.58526059307323696768E-02
7.58368524107921881949E-02
7.58368524107921881949E-02
7.58368524108092856295E-02
7.58368524107921881949E-02
7.57196652557353411250E-02
7.55631041778476175708E-02
7.55516961608519999061E-02
7.58365416778407630538E-02
7.58365416778339074266E-02
7.58365416778270795550E-02
7.59424376739482043241E-02
7.55516961607921866406E-02
7.58365533385265688793E-02
7.55516961608092840752E-02
7.58365416778475909254E-02
7.58365416778407630538E-02
7.58365416778339074266E-02
7.58365416778270795550E-02
7.58365416789977542233E-02
7.58368524108092856295E-02
7.59423211608092896263E-02
7.58526059307323696768E-02
7.58368524107921881949E-02
7.58368524107921881949E-02
7.58368524108092856295E-02
7.58368524107921881949E-02
7.57196652557353411250E-02
7.55631041778476175708E-02
7.55516961608519999061E-02
7.58365416778407630538E-02
7.58365416778339074266E-02
7.58365416778270795550E-02
7.59424376739482043241E-02
7.55516961607921866406E-02
7.58365533385265688793E-02
7.55516961608092840752E-02
7.58365416778475909254E-02
7.58365416778407630538E-02
7.58365416778339074266E-02
7.58365416778270795550E-02
7.58365416789977542233E-02
7.58368524108092856295E-02
7.59423211608092896263E-02
